0.99999989692000923
1.26868474923358887
1.50778770868672574
1.71758380942007483
1.80806572297130486
1.90143861860581698
1.96776329176537579
2.02816779619420684
2.06615368837689983
2.09692945909750739
2.10170147880296243
2.08520425571441681
2.04192069593918601
1.95983527340196351
1.83012249292087414
1.66550639857388449
1.47460869959099328
1.27342232739225447
1.08042885215705842
0.92073444204708454
0.81099693530148931
0.75632258866161028
0.72246071181963989
0.69015934290297343
0.65876598993974100
0.62958251261633302
0.60246897951297340
0.57768804675998708
0.55370286878437747
0.53051025192495382
0.51138909918531483
0.50102178996479330
0.50000038158727800
0.50000043406567451
0.50000044509793962
0.50000081011627451
0.50000050026791054
0.50000037113237117
0.50000020162861336
0.50000013681831157
0.50000171061281806
0.50000882122658763
0.50000468984843505
0.50000224861185372
0.50000096005303085
0.50000044381097253
0.50000020162714032
0.50000002664050425
0.49999996997656848
0.49999997644229377
0.49999998719423744
0.50000001756577905
0.50000004892459438
0.50047499396607797
0.50162022740590251
0.51273572533125689
0.52767551576097149
0.55570838163327874
0.58614818561829962
0.63043670117358408
0.66863676030479968
0.79767330399833392
0.90878825525455198
0.99999989692000923
