1.405163192972574526
1.367520703675913163
1.337295690906763479
1.314437008956843345
1.298864662968834294
1.290476817380954655
1.289156174287043211
1.294775520388718126
1.307202220759477118
1.326301537846215961
1.351938645886100021
1.383979277600480007
1.422289017000348377
1.466731313342793719
1.517164046501777275
1.573435371542118322
1.635378835675499021
1.702807921569742255
1.775510520208994691
1.853241506519479165
1.935717856105015455
2.022613340728212528
2.113553946789408222
2.208114250373563348
2.305814950442470312
2.406121709202694969
2.508445311557210289
2.612143597268792750
2.716524408863047579
2.820850458590547394
2.924345340346802935
3.026201058409418998
3.125586749135472520
3.221658442591609273
3.313569673457610776
3.400482748406013833
3.481580464240299211
3.556077996127231078
3.623234762826925248
3.682365937349851404
3.732853435664959640
3.774156088845285861
3.805819305134684694
3.827482941649972936
3.838887700779231249
3.839880280315075112
3.830416742208805125
3.810564118716941007
3.780500442590368326
3.740512732709526666
3.690993443973344501
3.632435065880248892
3.565423504955465894
3.490629843008078659
3.408801103583241510
3.320750112611619009
3.227344735144904053
3.129496434614873035
3.028149034268729611
2.924267199849391208
2.818825443030078315
2.712797196411680822
2.607144871793177110
2.502810553441966235
2.400707572923427957
2.301712555923056236
2.206658103329207421
2.116328484209206273
2.031454131773915872
1.952707655742519144
1.880700664611072215
1.815981117241655785
1.759031610306855287
1.710268563084709426
1.670041478626444809
1.638632610450924343
1.616257001217126676
1.603062833975960055
1.599132033971264466
1.604481067385949311
1.619061880794830044
1.642762949505203629
1.675410404060638569
1.716769243867221739
1.766544673788257080
1.824383525609588608
1.889875792358170159
1.962556308775963210
2.041906636745028258
2.127357234468692848
2.218289719695704765
2.314039495692339354
2.413899063538385903
2.517121509638716059
2.622924578434977505
2.730495244673089239
2.838994526248663330
2.947563081777420990
3.055328088001729725
3.161408291331397891
3.264920667521541198
3.364988661455875274
3.460749843896134159
3.551363817416571589
3.636020232092769700
3.713947174031415166
3.784419146226812636
3.846765247688726852
3.900376844546870725
3.944715298109238155
3.979318866859289372
4.003809245570139730
4.017896932601736637
4.021385913596689399
4.014177427580221114
3.996272604011568585
3.967773926663385353
3.928885412346246664
3.879911425714368978
3.821254398552851761
3.753410966726758335
3.676966287067714667
3.592587348809809900
3.501015127456569953
3.403055355092202028
3.299568732542394134
3.191459810641898542
3.079665505802701375
2.965142963839405787
2.848857261008133079
2.731769165728060500
2.614823210068128123
2.498936269806925292
2.384986891475136872
2.273805670672884194
2.166166806627421781
2.062781074763722078
1.964290248227356539
1.871263125227003332
1.784192961020464319
1.703497057849381768
1.629517724013286761
1.562524740423118397
1.502719214633001288
1.450238685111308490
1.405163192972574526
