3.605209125362507372e-01
3.605346331189595577e-01
3.605491367776326173e-01
3.605651571986302484e-01
3.605833697087110767e-01
3.606044735704094784e-01
3.606294357205876433e-01
3.606599906076390916e-01
3.606995131283157185e-01
3.607543897393701293e-01
3.608359892362004717e-01
3.609632589264078484e-01
3.611658264667212404e-01
3.614872686259202883e-01
3.619879386647271713e-01
3.627464840841946869e-01
3.638590333241206176e-01
3.654350992952929422e-01
3.675896350834314541e-01
3.704314073922276851e-01
3.740488351447452398e-01
3.784954535206889181e-01
3.837778945706980527e-01
3.898494088412573499e-01
3.966112892282806501e-01
4.039231202862383907e-01
4.116208456540912386e-01
4.195397112724900679e-01
4.275377551652738140e-01
4.355151107675162558e-01
4.434251346401847926e-01
4.512750920573558866e-01
4.591163858419745059e-01
4.670265113748562347e-01
4.750865286906891805e-01
4.833585247087529568e-01
4.918672282134107232e-01
5.005888193418863708e-01
5.094483864485819247e-01
5.183258147409395278e-01
5.270684781014819409e-01
5.355081690337135658e-01
5.434793305695113652e-01
5.508358193327719254e-01
5.574640158450551164e-01
5.632909425611538623e-01
5.682869738759188660e-01
5.724635631113710321e-01
5.758670460605794794e-01
5.785699397206521821e-01
5.806612273811013747e-01
5.822369479658167091e-01
5.833920651622984677e-01
5.842141723490213989e-01
5.847791794097541018e-01
5.851487934793150325e-01
5.853693858120506688e-01
5.854717420459633059e-01
5.854712123952762193e-01
5.853678878846381162e-01
5.851465992177559139e-01
5.847767359340770854e-01
5.842120853800667479e-01
5.833910638818852190e-01
5.822378258902073389e-01
5.806647611877333581e-01
5.785768015836862954e-01
5.758777463048277978e-01
5.724784908321156607e-01
5.683066463570597415e-01
5.633166331485447431e-01
5.574990067516796266e-01
5.508876188347356928e-01
5.435632920061578277e-01
5.356530252897715449e-01
5.273243132452748450e-01
5.187748691758149455e-01
5.102187618743747599e-01
5.018705627070146891e-01
4.939294330057669713e-01
4.865650897938398334e-01
4.799072696579806951e-01
4.740397349864213794e-01
4.689991547588738818e-01
4.647784861117272848e-01
4.613339129903774594e-01
4.585940537793948280e-01
4.564700647719379112e-01
4.548654194815877072e-01
4.536844720396680519e-01
4.528393313958565258e-01
4.522549948368427275e-01
4.518730394000139983e-01
4.516543909559325165e-01
4.515817441675647470e-01
4.516620711351055917e-01
4.519293333704489379e-01
4.524470354667399219e-01
4.533097127255246162e-01
4.546419695052900667e-01
4.565934659392871797e-01
4.593284766568099253e-01
4.630094366462130795e-01
4.677752181945925569e-01
4.737165181085928323e-01
4.808522535802614017e-01
4.891117505211450833e-01
4.983273157116101526e-01
5.082403285022724093e-01
5.185214680153322764e-01
5.288026877189646591e-01
5.387158686362877313e-01
5.479315013539917123e-01
5.561907400885092168e-01
5.633257417636297060e-01
5.692658789555891108e-01
5.740304243409043439e-01
5.777108386496556669e-01
5.804472721344728914e-01
5.824041079816526523e-01
5.837485143977200197e-01
5.846344684519507728e-01
5.851930813561248002e-01
5.855287104935561482e-01
5.857195173470493010e-01
5.858208517278545857e-01
5.858699950722217054e-01
5.858911980792339547e-01
5.859004262596444468e-01
